295,2,294,3,294,4,295,5,296,6,297,7,298,7,299,8,300,8,301,9,302,10,302,11,303,11,304,11,305,12,306,12,307,11,308,11,309,11,310,11,311,11,311,10,312,9,313,9,314,9,315,8,316,8,317,7,318,6,319,6,320,5,320,4,321,3,320,3,319,2,318,2,317,2,316,2,315,2,314,2,313,2,312,2,311,2,310,2,309,2,308,2,307,2,306,2,305,2,304,2,303,2,302,2,301,2,300,2,299,2,298,2,297,2,296,2
74,3,73,4,74,5,74,6,75,7,75,8,76,9,77,10,77,11,78,11,79,12,80,12,81,12,82,12,83,12,84,13,85,13,86,13,87,14,88,13,89,13,90,12,91,12,92,12,93,12,94,11,95,11,95,10,96,9,97,9,98,8,99,8,100,7,101,6,101,5,101,4,100,3,99,3,98,3,97,3,96,3,95,3,94,3,93,3,92,3,91,3,90,3,89,3,88,3,87,3,86,3,85,3,84,3,83,3,82,3,81,3,80,3,79,3,78,3,77,3,76,3,75,3
429,2,428,3,427,3,427,4,427,5,427,6,427,7,428,8,428,9,429,10,429,11,430,12,431,13,432,13,433,13,434,14,435,14,436,15,437,15,438,15,439,15,440,16,441,16,442,16,443,15,444,15,445,15,446,15,447,14,448,14,449,13,450,12,451,11,452,11,453,11,453,10,453,9,454,8,455,7,456,6,456,5,457,4,457,3,456,3,455,3,454,2,453,2,452,2,451,2,450,2,449,2,448,2,447,2,446,3,445,3,444,3,443,3,442,3,441,3,440,2,439,2,438,2,437,2,436,3,435,3,434,2,433,2,432,2,431,2,430,2
324,2,323,3,322,3,321,4,321,5,322,6,322,7,323,8,323,9,324,10,324,11,324,12,325,13,326,14,327,14,328,15,329,15,330,15,331,16,332,16,333,17,334,17,335,17,336,17,337,18,338,18,339,18,340,17,341,17,342,16,343,16,344,16,345,15,346,15,347,14,348,14,349,13,350,13,351,12,352,12,353,11,353,10,354,9,354,8,355,7,355,6,355,5,355,4,355,3,354,2,353,2,352,2,351,2,350,2,349,2,348,2,347,3,346,3,345,3,344,3,343,3,342,3,341,3,340,3,339,3,338,3,337,2,336,2,335,2,334,2,333,2,332,2,331,2,330,2,329,2,328,2,327,2,326,2,325,2
187,2,186,3,185,3,184,3,184,4,184,5,184,6,184,7,184,8,185,8,186,9,187,10,187,11,187,12,188,13,188,14,189,15,190,16,191,17,192,18,193,19,194,19,195,20,195,21,196,21,197,21,198,21,199,21,200,21,201,22,202,22,203,22,204,21,205,21,206,21,207,21,208,21,209,21,209,20,210,19,211,19,212,18,213,18,214,17,215,17,216,17,216,16,217,15,218,14,218,13,219,12,219,11,219,10,219,9,219,8,219,7,220,6,219,5,219,4,219,3,218,3,217,2,216,2,215,2,214,2,213,2,212,2,211,2,210,3,209,3,208,3,207,3,206,3,205,3,204,2,203,2,202,2,201,2,200,2,199,2,198,2,197,2,196,2,195,2,194,2,193,2,192,2,191,2,190,2,189,2,188,2
152,2,151,3,150,3,150,4,149,5,149,6,149,7,149,8,148,9,148,10,148,11,148,12,148,13,148,14,148,15,148,16,149,17,149,18,150,19,150,20,150,21,151,22,152,23,153,24,154,25,155,25,156,26,157,26,158,26,159,26,160,27,161,27,162,27,163,27,164,27,165,27,166,27,167,27,168,27,169,27,170,27,171,27,172,26,173,26,174,25,175,25,176,25,177,24,178,23,179,23,180,22,181,21,181,20,182,19,182,18,182,17,182,16,182,15,182,14,183,13,183,12,183,11,183,10,183,9,183,8,183,7,183,6,183,5,182,4,181,3,180,3,179,2,178,2,177,2,176,2,175,3,174,3,173,3,172,3,171,3,170,3,169,3,168,3,167,3,166,3,165,3,164,3,163,3,162,2,161,2,160,2,159,2,158,2,157,2,156,2,155,2,154,2,153,2
399,3,398,4,397,5,396,6,395,7,394,8,393,9,393,10,393,11,392,12,392,13,392,14,392,15,392,16,392,17,392,18,392,19,393,20,393,21,394,22,395,23,396,24,397,25,398,26,399,27,400,28,401,28,402,29,402,30,402,31,403,31,404,31,405,31,406,32,407,32,408,33,409,34,410,34,411,34,412,34,413,34,414,33,415,33,416,32,417,31,417,30,417,29,418,28,419,27,420,26,421,26,422,25,422,24,422,23,422,22,423,21,423,20,423,19,423,18,423,17,422,16,422,15,422,14,422,13,422,12,421,11,421,10,421,9,420,9,419,8,418,7,417,6,416,5,415,5,414,4,413,4,412,3,411,3,410,3,409,3,408,3,407,3,406,3,405,3,404,3,403,3,402,3,401,3,400,3
263,5,262,6,261,6,260,7,259,7,258,8,257,9,256,9,255,9,254,10,254,11,254,12,253,13,252,14,252,15,252,16,252,17,252,18,252,19,252,20,252,21,252,22,252,23,253,24,253,25,253,26,253,27,253,28,253,29,253,30,253,31,253,32,254,32,255,33,256,33,257,33,258,34,259,34,260,34,261,35,262,35,263,36,264,36,265,37,266,37,267,37,268,37,269,38,270,38,271,38,272,37,273,37,274,37,275,37,276,36,277,35,278,35,279,35,280,34,281,34,282,33,282,32,283,31,283,30,284,29,284,28,284,27,284,26,284,25,284,24,284,23,284,22,284,21,284,20,284,19,284,18,284,17,283,16,283,15,283,14,282,13,282,12,281,11,281,10,280,9,279,8,278,8,277,8,276,7,275,7,274,6,273,6,272,5,271,5,270,5,269,5,268,5,267,5,266,5,265,5,264,5
234,8,233,9,232,9,231,9,230,9,229,10,229,11,228,12,227,13,226,14,225,14,225,15,224,16,223,17,223,18,222,19,222,20,222,21,222,22,221,23,221,24,221,25,221,26,221,27,221,28,221,29,221,30,221,31,222,32,223,32,224,33,225,33,226,33,227,34,228,35,229,35,230,36,231,36,232,37,233,38,234,38,235,39,236,40,236,41,237,41,238,42,239,41,240,41,241,42,242,41,243,41,243,40,244,39,245,38,246,37,247,37,248,36,249,36,250,35,251,34,252,33,252,32,252,31,252,30,252,29,252,28,252,27,252,26,252,25,252,24,251,23,251,22,251,21,251,20,251,19,251,18,251,17,251,16,251,15,250,14,249,13,248,12,247,11,247,10,246,10,245,10,244,9,243,9,242,9,241,8,240,8,239,8,238,8,237,8,236,8,235,8
101,7,100,8,99,9,98,9,97,10,96,10,96,11,95,12,94,12,93,13,92,13,91,13,90,13,89,14,88,14,87,15,88,16,87,17,87,18,87,19,87,20,87,21,86,22,86,23,86,24,86,25,86,26,86,27,86,28,86,29,86,30,86,31,87,32,87,33,88,34,88,35,89,36,89,37,90,38,91,39,92,39,93,39,94,40,94,41,95,41,96,42,97,42,98,43,99,43,100,43,101,44,102,44,103,44,104,44,105,43,106,43,107,43,108,43,109,42,110,42,111,42,112,42,113,42,114,41,114,40,115,39,116,38,117,37,118,37,118,36,118,35,119,34,119,33,119,32,120,31,120,30,120,29,120,28,121,27,121,26,121,25,120,24,120,23,120,22,119,21,119,20,119,19,119,18,118,17,118,16,118,15,117,14,116,13,115,13,114,12,113,12,112,12,111,11,111,10,110,9,109,9,108,9,107,8,106,8,105,8,104,8,103,7,102,7
354,10,354,11,353,12,352,13,351,13,350,14,349,14,348,15,347,15,346,16,345,16,344,17,343,17,342,17,341,18,340,18,339,19,338,19,337,20,337,21,337,22,336,23,336,24,336,25,337,26,337,27,337,28,337,29,338,30,338,31,338,32,338,33,338,34,339,34,340,35,340,36,340,37,340,38,341,39,341,40,341,41,341,42,342,42,343,43,344,43,345,44,346,44,347,44,348,45,349,45,350,45,351,44,352,44,353,43,354,43,355,42,356,42,357,42,358,41,359,41,360,41,361,41,361,40,362,39,363,39,364,39,365,39,366,38,366,37,366,36,366,35,367,34,367,33,367,32,368,31,368,30,368,29,369,28,370,28,370,27,371,26,371,25,371,24,370,23,370,22,370,21,370,20,370,19,369,19,368,18,368,17,368,16,367,15,366,14,365,14,364,13,363,13,362,12,361,12,360,12,359,12,358,12,357,12,356,12,355,11,355,10
137,18,136,19,135,19,134,19,133,19,132,19,131,20,130,20,129,20,129,21,128,22,127,23,126,23,125,24,124,25,123,25,122,26,122,27,121,28,121,29,121,30,121,31,120,32,120,33,120,34,119,35,119,36,119,37,119,38,119,39,119,40,119,41,120,42,120,43,120,44,121,45,122,46,122,47,123,48,124,48,125,48,126,49,127,50,127,51,128,51,129,52,130,52,131,52,132,53,133,53,134,53,135,53,136,53,137,53,138,53,139,53,140,53,141,53,142,53,143,53,144,53,145,53,146,53,147,52,148,51,149,51,149,50,150,49,151,48,152,48,153,47,154,46,155,46,155,45,156,44,156,43,156,42,157,41,157,40,157,39,157,38,157,37,157,36,157,35,157,34,157,33,157,32,156,31,156,30,156,29,156,28,155,27,155,26,154,26,153,25,152,24,151,23,150,22,149,21,149,20,148,20,147,20,146,20,145,19,144,19,143,19,142,19,141,19,140,18,139,18,138,18
321,19,320,20,319,20,318,20,317,20,316,20,316,21,315,22,314,23,313,24,312,25,311,26,311,27,310,28,310,29,310,30,310,31,311,32,311,33,311,34,311,35,311,36,312,37,312,38,312,39,312,40,312,41,313,42,313,43,313,44,313,45,313,46,314,47,315,48,316,48,317,49,318,49,319,49,320,50,320,51,321,51,322,51,323,51,324,51,325,51,326,51,327,51,328,51,329,51,330,51,331,51,331,50,332,49,333,49,334,48,335,47,336,46,337,45,337,44,338,43,339,43,340,42,340,41,340,40,340,39,339,38,339,37,339,36,339,35,338,35,337,34,337,33,337,32,337,31,337,30,336,29,336,28,336,27,336,26,335,25,335,24,335,23,334,23,333,23,332,22,331,22,330,21,330,20,329,20,328,20,327,20,326,20,325,19,324,19,323,19,322,19
381,20,381,21,380,22,379,22,378,22,377,22,376,23,375,23,374,24,373,25,372,25,372,26,371,27,371,28,370,29,369,29,369,30,369,31,368,32,368,33,368,34,367,35,367,36,367,37,367,38,366,39,367,40,367,41,368,42,369,43,370,43,371,44,371,45,372,46,373,47,373,48,374,49,374,50,374,51,375,52,375,53,376,54,377,54,378,54,379,55,380,55,381,55,382,55,383,55,384,55,385,55,386,55,387,55,388,55,389,55,390,55,391,55,392,54,393,54,394,53,395,52,396,51,397,51,397,50,397,49,398,48,399,47,399,46,400,45,401,45,401,44,401,43,402,42,402,41,402,40,402,39,402,38,402,37,402,36,402,35,402,34,402,33,402,32,401,31,401,30,401,29,400,29,399,29,398,28,398,27,397,26,396,25,395,24,394,23,393,22,392,21,392,20,391,20,390,20,389,20,388,20,387,20,386,20,385,20,384,20,383,20,382,20
295,23,294,24,293,24,292,24,291,25,290,25,289,26,288,27,287,27,286,28,285,29,284,30,284,31,283,32,283,33,283,34,283,35,282,36,282,37,282,38,282,39,282,40,282,41,282,42,282,43,282,44,283,45,283,46,284,47,284,48,285,49,286,50,286,51,287,52,288,52,289,53,290,54,291,54,292,55,293,55,294,55,295,56,296,56,297,56,298,56,299,56,300,56,301,56,302,56,303,56,304,55,305,55,306,55,307,54,308,53,309,53,310,52,311,51,311,50,311,49,312,48,313,47,312,46,312,45,312,44,312,43,312,42,311,41,311,40,311,39,311,38,311,37,310,36,310,35,310,34,310,33,310,32,309,31,309,30,309,29,309,28,308,28,307,27,306,26,305,26,304,25,303,24,302,24,301,24,300,23,299,23,298,23,297,23,296,23
458,36,457,37,456,37,455,38,454,39,453,39,452,40,451,40,451,41,450,42,450,43,449,44,449,45,448,46,448,47,448,48,448,49,449,50,449,51,448,52,448,53,448,54,448,55,448,56,449,57,449,58,450,59,450,60,451,61,451,62,452,62,453,63,454,63,455,64,456,65,457,66,458,66,459,65,459,64,460,63,459,62,459,61,459,60,459,59,460,58,460,57,460,56,460,55,460,54,460,53,460,52,460,51,460,50,460,49,460,48,459,47,459,46,459,45,459,44,459,43,459,42,459,41,459,40,459,39,459,38,459,37
220,32,219,33,218,33,217,33,216,33,215,33,214,34,213,34,212,34,211,35,210,36,209,36,208,37,207,38,207,39,206,40,205,40,205,41,204,42,204,43,203,44,202,45,202,46,202,47,202,48,202,49,202,50,202,51,202,52,202,53,202,54,202,55,202,56,203,57,203,58,204,59,204,60,205,61,205,62,205,63,206,63,207,64,208,65,209,66,210,67,211,68,212,68,213,69,214,69,215,69,216,69,217,70,218,70,219,70,220,70,221,71,221,72,222,72,223,72,224,72,224,71,225,70,226,70,227,69,228,68,229,67,230,66,231,65,232,64,233,63,234,62,234,61,235,60,236,59,237,59,238,58,238,57,239,56,239,55,239,54,239,53,239,52,239,51,239,50,239,49,239,48,239,47,239,46,239,45,238,44,238,43,237,42,236,42,235,41,235,40,234,39,233,39,232,38,231,37,230,37,229,36,228,36,227,35,226,34,225,34,224,34,223,33,222,33,221,32
253,33,252,34,251,35,250,36,249,37,248,37,247,38,246,38,245,39,244,40,244,41,243,42,242,42,241,43,241,44,240,45,240,46,240,47,240,48,240,49,240,50,240,51,240,52,240,53,240,54,240,55,240,56,240,57,241,58,242,59,243,59,244,60,245,61,245,62,246,62,247,62,248,63,249,64,250,64,251,65,252,65,253,66,254,66,255,67,256,67,257,67,258,67,259,67,260,66,261,66,262,66,263,66,264,66,265,65,266,64,267,64,268,63,269,62,269,61,270,60,271,59,271,58,272,57,272,56,272,55,273,54,273,53,273,52,273,51,273,50,273,49,273,48,272,47,272,46,272,45,271,44,271,43,270,42,270,41,270,40,269,39,268,38,267,38,266,38,265,38,264,37,263,37,262,36,261,36,260,35,259,35,258,35,257,34,256,34,255,34,254,33
178,35,177,36,176,36,175,36,174,36,173,37,172,38,171,38,170,39,169,40,169,41,168,42,168,43,167,44,166,45,166,46,166,47,165,48,164,48,164,49,164,50,164,51,164,52,164,53,164,54,164,55,164,56,164,57,164,58,164,59,165,59,166,60,166,61,166,62,167,63,167,64,168,65,169,66,170,67,171,67,172,68,173,68,174,69,175,69,176,69,177,69,178,70,179,70,180,70,181,69,182,69,183,69,184,69,185,69,186,68,187,68,188,68,189,67,190,66,191,66,192,65,193,64,193,63,194,62,194,61,194,60,195,59,196,59,196,58,196,57,196,56,197,55,197,54,197,53,197,52,197,51,197,50,197,49,196,48,196,47,196,46,195,46,194,45,194,44,193,43,193,42,192,41,192,40,191,39,190,38,189,38,188,37,187,36,186,36,185,36,184,36,183,35,182,35,181,35,180,35,179,35
362,40,362,41,361,42,360,42,359,42,358,42,357,43,356,43,355,43,354,44,353,44,352,45,351,45,350,46,349,46,349,47,348,48,348,49,347,50,347,51,347,52,347,53,347,54,346,55,346,56,346,57,346,58,346,59,346,60,347,61,347,62,348,63,348,64,349,65,350,65,351,65,352,66,353,67,354,68,355,68,356,69,357,70,358,70,359,69,360,69,361,69,362,68,363,67,364,67,365,66,366,66,367,65,368,64,369,63,370,63,371,63,372,62,372,61,373,60,373,59,374,58,374,57,374,56,375,55,375,54,374,53,374,52,373,51,373,50,373,49,372,48,372,47,371,46,370,45,370,44,369,44,368,43,367,42,366,41,366,40,365,40,364,40,363,40
44,60,43,61,42,61,41,61,41,62,40,63,39,64,38,65,37,66,36,67,35,68,34,69,34,70,34,71,34,72,33,73,33,74,33,75,33,76,33,77,33,78,33,79,34,80,34,81,34,82,34,83,35,84,35,85,36,86,37,86,38,87,39,88,40,88,41,88,42,88,43,88,44,89,45,89,46,89,47,89,48,89,49,88,50,88,51,88,52,88,53,88,54,87,55,87,56,87,57,87,58,86,59,85,60,84,61,83,62,83,63,82,63,81,63,80,64,79,65,78,65,77,65,76,65,75,65,74,65,73,65,72,65,71,65,70,65,69,64,68,64,67,64,66,63,65,62,64,61,64,60,63,59,63,58,62,58,61,57,60,56,60,55,60,54,60,53,60,52,60,51,60,50,60,49,60,48,60,47,60,46,60,45,60
333,58,332,59,331,59,330,59,329,60,328,60,327,61,326,61,326,62,325,63,324,64,323,65,322,66,322,67,322,68,322,69,321,70,321,71,321,72,321,73,321,74,321,75,321,76,322,77,322,78,322,79,323,80,323,81,323,82,324,83,325,84,326,85,327,85,328,86,329,86,330,87,331,88,332,88,333,89,334,89,335,89,336,89,337,89,338,89,339,89,340,90,341,90,342,90,343,90,344,90,345,90,346,89,347,88,348,88,349,87,350,87,351,87,352,86,353,86,354,86,355,85,356,84,356,83,356,82,356,81,356,80,357,79,357,78,357,77,357,76,357,75,357,74,357,73,357,72,357,71,356,70,355,69,354,69,353,68,352,67,351,66,350,66,349,66,348,65,347,64,347,63,346,62,346,61,345,61,344,61,343,60,342,60,341,60,340,59,339,59,338,59,337,59,336,58,335,58,334,58
239,58,238,59,237,60,236,60,235,61,235,62,234,63,233,64,232,65,231,66,230,67,229,68,228,69,227,70,226,71,225,71,225,72,224,73,224,74,223,75,223,76,223,77,223,78,223,79,223,80,224,81,224,82,224,83,224,84,225,85,225,86,226,86,227,87,227,88,228,89,229,90,230,91,230,92,231,93,232,93,233,94,234,94,235,94,236,94,237,94,238,95,239,95,240,95,241,95,242,95,243,95,244,95,245,95,246,95,247,95,248,95,249,94,250,94,251,94,252,93,253,93,253,92,253,91,254,90,255,89,256,88,257,88,258,87,258,86,259,85,259,84,260,83,260,82,260,81,260,80,260,79,260,78,260,77,260,76,260,75,260,74,260,73,259,72,259,71,258,70,258,69,257,68,256,68,255,68,254,67,253,67,252,66,251,66,250,65,249,65,248,64,247,63,246,63,245,63,244,62,244,61,243,60,242,60,241,59,240,58
373,61,373,62,372,63,371,64,370,64,369,64,368,65,367,66,366,67,365,67,364,68,363,68,362,69,361,70,360,70,359,70,358,71,358,72,358,73,358,74,358,75,358,76,358,77,358,78,358,79,357,80,357,81,357,82,357,83,358,84,359,85,359,86,360,86,361,87,361,88,362,89,363,90,364,91,364,92,365,92,366,93,367,93,368,94,369,95,370,95,371,95,372,96,373,96,374,95,375,95,376,95,377,94,378,94,379,94,380,94,381,93,382,93,383,92,384,92,384,91,385,90,386,90,387,89,388,89,389,88,390,88,391,88,391,87,391,86,392,85,392,84,392,83,393,82,393,81,393,80,393,79,393,78,393,77,392,76,392,75,392,74,392,73,391,72,391,71,391,70,390,70,389,69,389,68,388,67,387,66,386,65,385,65,384,64,383,64,382,63,381,63,380,63,379,63,378,62,378,61,377,61,376,61,375,61,374,61
300,64,299,65,298,65,297,65,296,66,295,67,294,68,293,68,292,69,291,70,290,71,290,72,289,73,289,74,288,75,287,75,287,76,286,77,286,78,286,79,286,80,286,81,286,82,286,83,286,84,286,85,286,86,286,87,287,88,287,89,287,90,288,90,289,91,289,92,290,93,291,94,292,95,293,95,294,96,295,96,296,97,297,97,298,97,299,98,300,98,301,98,302,98,303,98,304,98,305,98,306,97,307,97,308,97,309,97,310,96,311,96,312,95,313,95,314,94,315,93,316,92,316,91,316,90,317,89,317,88,318,87,319,87,319,86,319,85,320,84,320,83,320,82,320,81,321,80,321,79,321,78,321,77,320,76,320,75,320,74,320,73,320,72,320,71,319,71,318,71,317,70,316,69,316,68,315,67,314,66,313,66,312,65,311,65,310,65,309,64,308,64,307,64,306,64,305,64,304,64,303,64,302,64,301,64
68,84,67,85,66,85,65,85,64,85,63,86,62,86,61,86,60,86,59,87,58,87,57,88,56,89,55,89,54,90,53,91,53,92,53,93,52,94,51,94,50,95,49,96,49,97,48,98,47,99,47,100,47,101,47,102,47,103,47,104,47,105,47,106,47,107,47,108,48,109,48,110,48,111,48,112,49,113,49,114,50,115,51,115,52,115,53,116,54,116,55,117,56,117,57,117,58,117,59,117,60,117,61,117,62,117,63,117,64,117,65,117,66,117,67,117,68,117,69,116,70,116,71,115,72,115,73,115,74,114,75,114,76,113,77,112,78,112,78,111,79,110,80,109,80,108,81,107,81,106,82,105,83,105,83,104,83,103,83,102,83,101,84,100,83,99,84,98,84,97,84,96,83,95,83,94,83,93,83,92,83,91,82,91,81,90,81,89,80,88,80,87,79,87,78,86,77,85,76,85,75,85,74,84,73,84,72,84,71,84,70,84,69,84
434,85,433,86,432,86,431,86,430,86,429,87,428,88,427,88,426,89,425,90,424,91,424,92,424,93,423,94,422,95,422,96,421,97,420,97,420,98,420,99,419,100,419,101,419,102,419,103,419,104,420,105,420,106,420,107,420,108,421,108,422,109,422,110,423,111,423,112,423,113,424,114,424,115,425,115,426,116,427,117,428,117,429,118,430,119,431,120,432,120,433,121,434,121,435,121,436,121,437,121,438,121,439,121,440,120,441,120,442,120,443,120,444,120,445,120,446,120,447,119,447,118,448,117,448,116,449,115,449,114,450,113,450,112,450,111,451,110,452,110,451,110,450,109,451,108,452,108,453,107,453,106,454,105,454,104,454,103,455,102,455,101,455,100,455,99,454,98,453,97,452,96,452,95,451,95,450,94,450,93,449,92,449,91,448,90,447,89,446,88,445,88,444,87,443,87,442,87,441,87,440,86,439,86,438,85,437,85,436,85,435,85
389,89,388,90,387,90,386,91,385,91,385,92,384,93,383,93,382,94,381,94,380,95,379,95,378,95,377,95,376,96,375,96,374,96,373,97,373,98,373,99,373,100,372,101,372,102,372,103,372,104,373,105,373,106,374,107,375,108,375,109,376,110,377,111,377,112,377,113,378,114,378,115,379,116,379,117,379,118,380,118,381,119,381,120,382,121,383,122,383,123,384,123,385,123,386,123,387,124,388,124,389,124,390,123,391,123,391,122,392,121,393,121,394,120,395,119,396,118,397,117,398,116,399,115,400,114,401,114,402,114,403,113,404,112,404,111,404,110,404,109,404,108,404,107,404,106,404,105,404,104,404,103,404,102,404,101,404,100,403,99,403,98,402,97,402,96,401,95,400,95,399,94,398,93,397,92,397,91,396,91,395,90,394,90,393,90,392,89,391,89,390,89
121,90,120,91,119,91,118,91,117,91,117,92,116,93,115,93,114,94,113,95,112,95,111,96,110,97,110,98,109,99,108,100,108,101,108,102,108,103,108,104,108,105,108,106,108,107,108,108,108,109,108,110,109,111,109,112,109,113,109,114,109,115,110,116,110,117,110,118,111,119,112,120,113,120,114,121,115,121,116,122,116,123,117,123,118,123,119,124,120,124,121,124,122,125,123,124,124,124,125,124,126,124,127,124,128,124,129,123,130,123,131,123,132,123,133,123,134,123,134,122,135,121,136,121,137,121,138,121,139,120,139,119,140,118,140,117,141,116,141,115,141,114,141,113,141,112,141,111,142,110,142,109,142,108,142,107,142,106,142,105,141,104,141,103,140,102,140,101,139,100,138,99,138,98,137,98,136,97,135,96,134,95,133,95,132,94,131,94,130,93,129,93,128,92,128,91,127,91,126,91,125,91,124,90,123,90,122,90
204,96,203,97,202,97,201,97,200,97,199,97,198,98,197,98,196,99,195,99,194,100,193,101,193,102,192,103,192,104,191,105,191,106,191,107,190,108,190,109,190,110,189,111,189,112,189,113,189,114,190,115,190,116,190,117,190,118,191,119,191,120,192,121,192,122,192,123,193,124,194,125,195,126,196,126,197,127,198,128,199,129,200,129,201,130,202,131,203,131,204,131,205,131,206,131,207,132,207,133,207,132,208,131,209,131,210,131,211,131,212,131,213,131,214,130,215,130,216,130,217,129,218,129,219,128,220,127,220,126,221,125,221,124,222,123,222,122,222,121,222,120,223,119,223,118,223,117,223,116,222,115,222,114,222,113,222,112,222,111,222,110,221,109,221,108,220,107,220,106,219,105,218,104,217,103,217,102,217,101,216,100,215,100,214,99,213,99,212,98,211,98,210,97,209,97,208,96,207,96,206,96,205,96
456,99,456,100,456,101,456,102,455,103,455,104,455,105,454,106,454,107,453,108,453,109,453,110,452,111,451,111,451,112,451,113,451,114,450,115,449,116,449,117,448,118,448,119,447,120,447,121,448,122,448,123,448,124,449,125,450,126,451,127,452,127,453,128,454,129,455,129,456,130,457,130,458,130,459,129,459,128,459,127,459,126,459,125,459,124,459,123,459,122,459,121,460,120,460,119,460,118,460,117,460,116,460,115,459,114,459,113,459,112,459,111,459,110,459,109,460,108,460,107,460,106,460,105,459,104,459,103,459,102,459,101,459,100,458,99,457,99
359,104,358,105,357,105,356,105,355,106,354,107,353,108,352,109,351,110,350,111,349,111,349,112,349,113,349,114,348,115,348,116,348,117,348,118,348,119,348,120,348,121,348,122,348,123,348,124,348,125,349,126,349,127,350,127,351,128,351,129,351,130,352,130,353,130,354,131,355,131,356,132,356,133,357,133,358,134,359,134,360,134,361,134,362,135,363,135,364,136,365,136,366,136,367,136,368,135,369,135,370,135,371,135,372,134,373,134,374,133,374,132,375,131,376,130,377,129,377,128,378,127,378,126,378,125,379,124,380,124,381,123,381,122,381,121,380,120,380,119,379,119,378,118,378,117,378,116,377,115,377,114,376,113,376,112,376,111,375,110,374,109,374,108,373,107,372,106,372,105,371,105,370,104,369,104,368,104,367,104,366,104,365,104,364,104,363,104,362,104,361,104,360,104
260,105,259,106,258,106,257,106,256,106,255,107,254,108,253,109,252,109,252,110,251,111,251,112,250,113,249,114,249,115,248,116,248,117,247,118,246,118,246,119,246,120,246,121,246,122,246,123,246,124,246,125,246,126,247,126,248,127,248,128,248,129,249,130,249,131,250,131,251,132,251,133,252,133,253,133,254,134,255,135,256,135,257,135,258,136,259,136,260,137,261,137,262,138,263,138,264,138,265,137,266,137,267,137,268,137,269,137,270,137,271,136,272,136,273,135,274,134,275,134,275,133,275,132,276,131,277,130,278,130,278,129,279,128,279,127,279,126,280,125,280,124,280,123,280,122,280,121,280,120,280,119,279,118,279,117,279,116,278,115,278,114,278,113,277,113,276,112,276,111,276,110,275,109,274,108,273,108,272,107,271,107,270,106,269,106,268,106,267,105,266,105,265,105,264,105,263,105,262,105,261,105
405,111,405,112,404,113,403,114,402,115,401,115,400,115,399,116,398,117,397,118,396,119,395,120,394,121,393,122,392,122,392,123,391,124,390,124,390,125,390,126,390,127,390,128,390,129,390,130,390,131,390,132,390,133,390,134,391,134,392,135,392,136,392,137,393,138,394,139,394,140,394,141,395,142,395,143,396,143,397,144,398,144,399,144,400,144,401,144,402,145,403,145,404,145,405,145,406,145,407,146,408,146,409,145,410,145,411,145,412,144,413,143,413,142,413,141,414,140,415,139,415,138,416,137,417,136,417,135,418,134,417,133,417,132,417,131,417,130,418,129,418,128,418,127,418,126,418,125,418,124,418,123,418,122,417,121,417,120,417,119,417,118,416,117,415,116,415,115,414,114,413,114,412,113,411,113,410,113,409,112,409,111,408,111,407,111,406,111
326,115,325,116,324,116,323,116,322,117,321,117,320,118,319,118,318,118,317,119,316,120,315,121,314,122,314,123,313,124,312,125,311,126,310,127,310,128,310,129,311,130,311,131,311,132,311,133,311,134,311,135,311,136,312,137,312,138,312,139,312,140,312,141,312,142,312,143,312,144,313,145,313,146,313,147,313,148,314,148,315,148,316,149,317,150,318,150,319,150,320,150,321,151,322,151,323,152,323,153,324,153,325,153,326,153,326,152,327,151,328,151,329,151,330,151,331,150,332,150,333,150,334,149,335,149,336,149,337,149,338,148,339,148,339,147,340,146,340,145,341,144,341,143,341,142,342,141,342,140,343,139,343,138,344,137,344,136,345,135,345,134,346,133,346,132,347,131,346,130,346,129,346,128,346,127,346,126,345,125,345,124,344,123,344,122,344,121,343,120,342,119,341,118,340,118,339,117,338,117,337,117,336,116,335,116,334,116,333,116,332,115,331,115,330,115,329,115,328,115,327,115
16,114,15,115,14,115,13,115,12,116,12,117,12,118,11,119,10,119,9,120,8,121,8,122,8,123,7,124,7,125,7,126,6,127,6,128,6,129,6,130,6,131,6,132,6,133,6,134,6,135,6,136,6,137,6,138,6,139,6,140,6,141,6,142,6,143,6,144,6,145,6,146,7,147,7,148,7,149,8,150,8,151,9,152,9,153,10,154,11,154,12,155,13,156,14,156,15,157,16,157,17,157,18,157,19,157,20,157,21,157,22,157,23,157,24,157,25,156,26,156,27,156,28,155,29,154,30,153,31,153,31,152,32,151,33,150,34,149,34,148,34,147,35,146,35,145,35,144,36,143,36,142,36,141,36,140,36,139,36,138,36,137,35,136,35,135,35,134,35,133,35,132,34,131,34,130,34,129,33,128,33,127,32,126,31,125,31,124,30,124,29,123,29,122,28,121,27,120,27,119,26,118,25,117,24,117,23,116,22,115,21,115,20,115,19,115,18,114,17,114
135,122,135,123,134,124,133,124,132,124,131,124,130,124,129,124,128,125,127,125,126,125,125,125,124,125,123,125,122,126,122,127,121,128,121,129,120,130,120,131,120,132,120,133,120,134,120,135,119,136,119,137,119,138,119,139,119,140,120,141,120,142,120,143,120,144,121,145,122,146,123,147,123,148,124,148,125,149,126,149,127,150,128,151,129,151,130,152,130,153,131,153,132,153,133,153,134,153,135,153,136,153,137,153,138,154,139,154,140,154,141,154,142,154,143,154,144,154,145,154,146,153,147,153,147,152,148,151,149,150,150,150,151,149,152,148,152,147,153,146,153,145,154,144,155,144,155,143,155,142,155,141,155,140,155,139,155,138,155,137,154,137,153,136,153,135,152,134,152,133,152,132,151,131,150,130,150,129,149,128,148,127,147,127,146,126,145,125,144,125,143,125,142,124,141,124,140,124,139,123,139,122,138,122,137,122,136,122
299,126,298,127,297,127,296,127,295,128,294,128,293,129,293,130,292,131,292,132,292,133,291,134,291,135,291,136,290,137,290,138,290,139,290,140,290,141,290,142,290,143,290,144,290,145,290,146,291,147,292,148,293,149,294,149,295,150,296,151,297,151,298,151,299,151,300,151,301,151,302,151,303,151,304,151,305,151,306,151,307,150,308,150,309,150,310,149,311,149,312,148,312,147,312,146,312,145,311,144,311,143,311,142,311,141,311,140,311,139,311,138,311,137,310,136,310,135,310,134,310,133,310,132,310,131,310,130,309,129,309,128,309,127,308,127,307,127,306,127,305,127,304,126,303,126,302,126,301,126,300,126
349,131,348,132,347,132,347,133,346,134,346,135,345,136,345,137,344,138,344,139,343,140,343,141,342,142,342,143,342,144,341,145,341,146,340,147,340,148,339,149,338,149,338,150,339,150,340,151,340,152,340,153,340,154,341,155,341,156,342,157,342,158,343,158,344,159,345,160,346,160,347,161,348,161,349,162,349,163,350,163,351,163,352,164,353,164,354,164,355,164,356,165,357,164,358,164,359,164,360,164,361,163,362,163,362,162,363,161,364,161,365,161,366,160,367,159,368,158,368,157,368,156,368,155,369,154,370,154,370,153,370,152,370,151,370,150,370,149,370,148,370,147,369,147,368,146,368,145,368,144,367,143,367,142,367,141,367,140,366,139,365,138,365,137,364,137,363,136,362,136,361,135,360,135,359,135,358,135,357,134,356,134,355,133,355,132,354,132,353,131,352,131,351,131,350,131
245,132,245,133,244,134,243,134,242,134,241,135,240,135,239,136,238,136,237,137,236,137,235,138,234,139,234,140,233,141,232,142,232,143,232,144,232,145,232,146,232,147,233,148,233,149,233,150,233,151,234,152,234,153,234,154,234,155,234,156,234,157,235,158,235,159,235,160,235,161,236,161,237,161,238,162,238,163,239,163,240,164,241,164,242,165,243,165,244,165,245,165,246,165,247,165,248,165,249,165,250,165,251,165,252,165,253,165,254,165,255,165,256,164,257,164,258,164,259,163,260,163,260,162,261,161,262,160,263,159,264,158,264,157,265,156,265,155,265,154,265,153,265,152,265,151,265,150,265,149,265,148,265,147,265,146,265,145,264,144,264,143,264,142,263,141,263,140,262,139,261,138,260,138,259,137,258,137,257,136,256,136,255,136,254,135,253,135,252,134,251,134,250,133,250,132,249,132,248,132,247,132,246,132
426,131,425,132,424,132,423,132,422,132,422,133,421,134,420,134,419,134,418,135,418,136,417,137,416,138,416,139,415,140,414,141,414,142,414,143,413,144,412,145,411,146,410,146,411,146,412,147,412,148,411,149,410,149,410,150,411,150,412,151,412,152,412,153,412,154,412,155,413,156,413,157,414,158,415,159,416,160,416,161,417,162,417,163,418,164,419,164,420,165,421,165,422,166,423,167,424,167,425,167,426,168,427,168,428,168,429,168,430,168,431,169,432,169,433,169,434,169,435,169,436,168,437,167,438,167,439,166,440,165,441,165,442,165,443,164,444,163,445,163,445,162,446,161,447,161,447,160,447,159,447,158,447,157,447,156,447,155,447,154,447,153,447,152,447,151,447,150,447,149,447,148,447,147,447,146,447,145,447,144,446,143,446,142,445,141,445,140,444,139,444,138,443,137,442,136,442,135,441,135,440,134,439,133,439,132,438,132,437,132,436,131,435,131,434,131,433,131,432,131,431,131,430,131,429,131,428,131,427,131
459,136,458,137,457,137,456,138,456,139,455,140,454,141,453,141,452,142,451,142,451,143,450,144,449,145,448,146,448,147,448,148,448,149,448,150,448,151,448,152,448,153,448,154,448,155,448,156,448,157,448,158,448,159,448,160,448,161,449,162,449,163,450,163,451,164,452,164,453,164,454,165,455,165,456,166,457,166,458,167,459,167,459,166,460,165,460,164,459,163,459,162,459,161,459,160,459,159,459,158,459,157,459,156,459,155,459,154,459,153,459,152,459,151,459,150,459,149,459,148,459,147,460,146,460,145,460,144,460,143,460,142,460,141,460,140,460,139,459,138,459,137
220,137,219,138,218,138,217,138,216,138,215,138,214,138,213,139,212,139,211,140,210,140,209,141,208,142,208,143,207,144,207,145,206,146,205,146,205,147,204,148,204,149,204,150,204,151,203,152,203,153,203,154,203,155,203,156,204,157,204,158,204,159,204,160,204,161,204,162,204,163,205,164,205,165,206,165,207,166,208,167,208,168,209,169,210,170,211,171,212,171,213,172,214,172,215,173,215,174,216,174,217,174,218,174,219,175,220,175,221,175,222,175,223,174,224,174,225,174,226,174,226,173,227,172,228,172,229,171,230,170,231,169,232,168,232,167,233,166,233,165,234,164,234,163,234,162,234,161,234,160,234,159,234,158,233,157,233,156,233,155,233,154,233,153,233,152,232,151,232,150,232,149,232,148,231,147,231,146,231,145,231,144,230,143,230,142,229,141,228,140,227,139,226,139,225,139,224,138,223,138,222,138,221,138
114,150,113,151,112,151,111,151,110,152,110,153,109,154,108,155,107,156,106,157,105,158,105,159,105,160,105,161,105,162,105,163,104,164,104,165,104,166,104,167,104,168,105,169,105,170,105,171,105,172,106,173,106,174,106,175,107,176,108,177,109,178,110,179,111,180,112,180,113,180,114,181,115,181,116,182,117,182,118,183,118,184,119,184,120,185,121,185,122,185,123,185,124,185,125,184,126,184,127,184,128,184,129,184,129,183,130,182,131,181,132,181,133,180,134,180,135,179,136,178,137,177,137,176,137,175,137,174,137,173,137,172,138,171,138,170,138,169,138,168,137,167,137,166,137,165,137,164,136,163,136,162,136,161,136,160,135,159,135,158,134,157,133,157,132,156,131,155,130,154,129,153,129,152,128,152,127,151,126,150,125,150,124,150,123,150,122,150,121,150,120,150,119,150,118,150,117,150,116,150,115,150
382,149,381,150,380,150,379,150,378,151,377,152,376,152,376,153,375,154,374,155,373,156,373,157,372,158,372,159,371,160,371,161,371,162,371,163,370,164,369,164,369,165,369,166,368,167,368,168,368,169,368,170,368,171,368,172,368,173,368,174,369,175,370,175,371,176,371,177,372,178,372,179,373,180,373,181,374,182,374,183,374,184,375,185,375,186,376,187,376,188,377,188,378,189,379,189,380,189,381,189,382,190,383,190,384,190,385,190,386,190,387,191,388,191,389,191,390,190,391,190,392,190,393,189,394,188,395,188,396,187,397,186,398,185,398,184,398,183,399,182,399,181,400,180,401,180,401,179,401,178,401,177,402,176,402,175,402,174,402,173,402,172,402,171,402,170,402,169,402,168,402,167,402,166,402,165,402,164,402,163,402,162,401,161,401,160,401,159,400,159,399,158,399,157,398,156,398,155,397,154,396,154,395,153,395,152,394,151,393,150,392,150,391,149,390,149,389,149,388,149,387,149,386,149,385,149,384,149,383,149
446,162,446,163,445,164,444,164,443,165,442,166,441,166,440,166,439,167,438,168,437,168,436,169,435,170,434,170,434,171,434,172,434,173,434,174,434,175,433,176,433,177,433,178,433,179,433,180,434,181,434,182,434,183,434,184,434,185,435,185,436,186,437,186,438,187,439,187,440,187,441,188,442,188,443,188,444,189,445,189,446,189,447,190,448,190,449,190,450,190,451,190,452,190,453,190,454,190,455,190,456,190,457,190,458,191,459,191,459,190,459,189,459,188,459,187,459,186,459,185,459,184,459,183,459,182,459,181,459,180,459,179,459,178,459,177,459,176,459,175,459,174,459,173,459,172,459,171,459,170,459,169,459,168,458,168,457,167,456,167,455,166,454,166,453,165,452,165,451,165,450,164,449,164,448,163,448,162,447,162
358,171,357,172,356,172,355,173,354,173,353,173,353,174,352,175,351,175,350,176,349,176,348,177,347,177,346,178,345,179,344,180,343,181,342,182,341,183,341,184,341,185,341,186,341,187,341,188,341,189,341,190,341,191,341,192,341,193,341,194,342,195,342,196,342,197,342,198,343,198,344,199,345,199,346,200,347,201,348,201,349,202,350,202,351,202,352,203,352,204,353,204,354,205,355,205,356,206,357,205,358,205,359,205,360,205,361,204,362,204,363,204,363,203,364,202,365,202,366,201,367,200,368,200,369,199,370,199,370,198,371,197,372,196,373,196,373,195,374,194,374,193,374,192,375,191,375,190,375,189,375,188,375,187,374,186,374,185,373,184,373,183,373,182,372,181,372,180,371,179,371,178,370,177,370,176,369,176,368,175,367,174,367,173,367,172,366,172,365,172,364,172,363,171,362,171,361,171,360,171,359,171
434,186,433,187,432,187,431,187,430,187,429,188,428,188,427,188,426,189,425,190,425,191,425,192,425,193,425,194,425,195,425,196,425,197,425,198,426,199,426,200,427,201,428,201,429,201,430,201,431,201,432,201,433,202,434,202,435,202,436,202,437,202,438,202,439,203,439,204,440,204,441,204,442,204,442,203,442,202,442,201,443,200,443,199,443,198,444,197,444,196,444,195,445,194,445,193,445,192,445,191,446,190,445,190,444,190,443,189,442,189,441,189,440,188,439,188,438,188,437,187,436,187,435,186
151,181,150,182,149,182,148,182,147,182,146,182,145,183,144,183,143,183,143,184,142,185,141,185,140,186,139,186,138,187,137,188,136,189,136,190,135,191,135,192,134,193,133,193,133,194,133,195,132,196,132,197,132,198,132,199,132,200,132,201,132,202,132,203,132,204,132,205,132,206,133,207,133,208,134,208,135,209,136,210,137,211,138,212,139,213,139,214,140,214,141,215,142,215,143,215,144,215,145,216,146,216,147,216,148,216,149,217,150,217,151,217,152,217,153,217,154,217,155,217,156,217,157,216,158,215,159,215,160,214,160,213,161,212,162,211,162,210,163,209,164,208,165,208,165,207,166,206,166,205,167,204,167,203,167,202,167,201,167,200,168,199,168,198,168,197,168,196,167,195,167,194,167,193,167,192,167,191,166,190,166,189,165,188,164,188,163,187,162,186,161,185,160,184,160,183,159,183,158,182,157,182,156,181,155,181,154,181,153,181,152,181
446,191,446,192,446,193,446,194,445,195,445,196,445,197,444,198,444,199,444,200,443,201,443,202,443,203,443,204,443,205,444,205,445,206,446,207,447,208,448,208,449,209,450,210,451,211,452,211,453,211,454,211,455,210,456,210,457,209,458,209,459,209,459,208,459,207,459,206,459,205,459,204,459,203,459,202,459,201,459,200,459,199,459,198,459,197,459,196,459,195,459,194,459,193,459,192,458,192,457,191,456,191,455,191,454,191,453,191,452,191,451,191,450,191,449,191,448,191,447,191
296,192,295,193,294,193,293,193,292,193,292,194,291,195,290,196,289,196,288,197,287,197,286,198,285,199,284,200,284,201,283,202,283,203,283,204,283,205,283,206,282,207,282,208,282,209,282,210,282,211,282,212,282,213,282,214,281,215,282,216,282,217,282,218,282,219,282,220,283,221,283,222,284,223,284,224,284,225,285,226,286,227,287,228,288,228,289,228,290,229,291,229,292,230,293,230,294,230,295,230,296,230,297,231,298,231,299,231,300,231,301,231,302,230,303,230,304,230,305,229,306,228,307,228,308,227,309,227,310,226,310,225,311,224,311,223,312,222,312,221,313,220,313,219,313,218,313,217,314,216,314,215,314,214,314,213,314,212,314,211,315,210,314,209,314,208,314,207,314,206,314,205,313,204,313,203,313,202,312,201,312,200,311,199,310,198,309,197,308,197,307,196,306,195,305,195,304,195,303,194,303,193,302,193,301,193,300,193,299,192,298,192,297,192
338,199,337,200,336,201,335,201,334,202,333,203,333,204,333,205,332,206,331,207,330,208,330,209,329,210,328,210,328,211,328,212,327,213,327,214,327,215,327,216,327,217,327,218,327,219,327,220,327,221,328,222,328,223,328,224,329,224,330,225,330,226,331,227,332,228,333,229,334,230,335,231,336,232,337,232,338,232,339,232,340,233,341,233,342,233,343,233,344,233,345,233,346,233,347,232,348,232,349,232,350,232,351,231,352,231,353,230,354,230,355,229,356,228,356,227,357,226,357,225,358,224,358,223,358,222,359,221,360,221,360,220,360,219,360,218,360,217,360,216,360,215,360,214,360,213,359,213,358,212,358,211,358,210,357,209,357,208,356,207,355,206,354,206,353,205,352,205,351,204,351,203,350,203,349,203,348,202,347,202,346,201,345,200,344,200,343,199,342,199,341,199,340,199,339,199
426,201,425,202,424,202,423,203,422,203,422,204,421,205,420,205,419,206,418,206,417,207,416,208,416,209,415,210,414,211,414,212,413,213,413,214,413,215,412,216,412,217,412,218,411,219,410,219,410,220,410,221,410,222,411,222,412,223,412,224,413,225,414,226,415,227,416,227,417,228,418,228,419,229,420,229,421,229,422,229,423,229,424,230,425,230,426,230,427,230,428,230,429,230,430,230,431,230,432,230,433,230,434,229,435,229,436,229,437,229,438,229,439,229,440,229,441,228,442,228,443,228,444,228,445,228,446,228,447,228,448,227,449,227,449,226,449,225,450,224,450,223,450,222,450,221,450,220,450,219,450,218,451,217,452,217,452,216,452,215,452,214,452,213,452,212,451,212,450,211,449,210,448,209,447,209,446,208,445,207,444,206,443,206,442,205,441,205,440,205,439,205,438,205,437,204,437,203,436,203,435,203,434,203,433,203,432,202,431,202,430,202,429,202,428,202,427,202
457,210,456,211,455,211,454,212,453,212,453,213,453,214,453,215,453,216,453,217,452,218,451,218,451,219,451,220,451,221,451,222,451,223,451,224,450,225,450,226,450,227,451,227,452,227,453,228,454,229,455,229,456,229,457,230,458,230,459,230,459,229,459,228,459,227,459,226,459,225,459,224,459,223,459,222,459,221,460,220,460,219,460,218,460,217,460,216,459,215,459,214,459,213,459,212,459,211,459,210,458,210
367,222,366,223,365,223,365,224,364,225,363,225,362,226,361,227,360,227,359,227,358,228,358,229,357,230,356,231,356,232,355,233,355,234,355,235,354,236,354,237,354,238,354,239,354,240,354,241,354,242,354,243,355,244,355,245,355,246,355,247,356,248,357,249,358,250,359,251,360,251,361,252,362,252,363,252,364,253,365,253,366,253,367,253,368,254,368,255,369,255,370,255,371,255,372,255,373,255,374,255,375,255,375,254,376,253,377,253,378,252,379,252,380,252,381,251,382,251,383,250,383,249,384,248,385,247,385,246,386,245,386,244,386,243,386,242,386,241,386,240,386,239,386,238,386,237,386,236,386,235,386,234,386,233,385,232,385,231,384,230,384,229,383,228,382,227,381,226,380,225,379,225,378,225,377,224,377,223,376,223,375,222,374,222,373,222,372,222,371,222,370,222,369,222,368,222
96,225,95,226,94,226,93,226,92,226,91,227,90,228,89,228,88,229,87,230,86,231,85,232,84,233,84,234,84,235,83,236,82,236,82,237,82,238,82,239,82,240,82,241,82,242,82,243,82,244,82,245,82,246,82,247,83,247,84,248,84,249,84,250,85,251,85,252,86,253,87,254,87,255,87,256,88,257,89,258,89,259,90,260,91,260,92,261,93,261,94,261,95,262,96,262,97,262,98,262,99,262,100,262,101,262,102,262,103,262,104,262,105,262,106,262,107,261,108,261,109,261,110,260,111,259,112,258,113,258,114,257,114,256,115,255,115,254,116,253,116,252,116,251,117,250,117,249,117,248,117,247,117,246,117,245,117,244,117,243,117,242,117,241,116,240,116,239,116,238,115,237,115,236,115,235,115,234,114,233,113,232,112,232,111,231,110,230,109,229,108,229,107,228,106,227,105,226,104,226,103,226,102,226,101,225,100,225,99,225,98,225,97,225
245,228,244,229,243,229,242,229,241,229,240,229,239,229,238,230,237,230,236,230,235,231,234,231,233,232,232,232,231,233,230,234,230,235,229,236,228,237,227,238,227,239,226,240,225,240,225,241,225,242,225,243,225,244,225,245,225,246,225,247,225,248,225,249,225,250,226,250,227,251,227,252,228,253,228,254,228,255,229,256,230,257,231,258,231,259,232,259,233,260,234,261,235,261,236,262,237,262,238,262,239,263,240,263,241,264,241,265,242,265,243,265,243,264,244,263,245,263,246,262,247,262,248,262,249,262,250,261,251,261,252,260,253,260,254,259,255,258,256,257,257,257,258,256,259,255,259,254,260,253,260,252,261,251,261,250,261,249,261,248,261,247,261,246,261,245,261,244,261,243,261,242,261,241,261,240,261,239,260,238,259,237,259,236,258,235,258,234,257,233,256,233,255,232,254,231,253,231,252,230,251,230,250,229,249,229,248,229,247,229,246,229
448,228,447,229,446,229,446,230,445,231,444,232,443,233,442,234,441,234,441,235,441,236,440,237,440,238,439,239,439,240,439,241,438,242,438,243,438,244,438,245,438,246,438,247,438,248,437,249,437,250,437,251,437,252,437,253,437,254,437,255,437,256,438,257,439,258,440,259,440,260,441,261,442,261,443,261,444,262,445,262,446,262,447,262,448,262,449,263,450,263,451,263,452,263,453,263,454,263,455,264,455,265,456,265,457,265,458,265,459,265,459,264,459,263,459,262,459,261,459,260,459,259,459,258,459,257,459,256,459,255,459,254,459,253,459,252,459,251,459,250,459,249,459,248,459,247,459,246,459,245,459,244,459,243,459,242,459,241,459,240,459,239,459,238,459,237,459,236,459,235,459,234,459,233,459,232,459,231,458,231,457,231,456,230,455,230,454,230,453,229,452,228,451,228,450,228,449,228
164,230,163,231,162,231,161,232,160,232,159,233,158,233,157,234,156,234,156,235,155,236,154,236,153,237,153,238,152,239,152,240,151,241,151,242,151,243,150,244,150,245,150,246,150,247,150,248,150,249,150,250,150,251,150,252,151,253,151,254,151,255,151,256,152,257,153,258,153,259,154,260,155,260,156,261,157,262,158,262,159,263,160,264,160,265,161,265,162,266,163,266,164,266,165,266,166,266,167,266,168,266,169,266,170,266,171,266,172,266,173,265,174,265,175,265,176,265,177,265,177,264,178,263,179,263,180,263,181,262,182,261,183,260,183,259,184,258,185,258,186,257,186,256,187,255,187,254,187,253,187,252,187,251,188,250,188,249,188,248,188,247,188,246,188,245,188,244,187,243,187,242,186,241,185,240,185,239,184,239,183,238,182,237,182,236,181,235,181,234,180,234,179,233,178,232,177,232,176,231,175,231,174,231,173,231,172,231,171,230,170,230,169,230,168,230,167,230,166,230,165,230
407,240,406,241,405,241,404,241,403,242,402,242,401,242,400,242,399,243,398,244,398,245,397,246,396,247,396,248,396,249,395,250,395,251,394,252,394,253,393,254,393,255,393,256,393,257,393,258,393,259,394,260,394,261,394,262,394,263,394,264,394,265,395,266,396,267,396,268,397,269,398,269,399,270,400,270,401,270,402,271,403,272,404,272,405,271,406,271,407,271,408,271,409,271,410,271,411,271,412,271,413,271,414,271,415,271,416,271,417,271,418,271,419,272,420,272,421,272,422,271,423,270,424,270,425,269,426,268,427,267,427,266,428,265,428,264,428,263,428,262,429,261,429,260,429,259,429,258,429,257,429,256,428,255,428,254,428,253,428,252,427,251,427,250,426,249,426,248,425,247,425,246,424,245,424,244,423,243,422,243,421,242,420,242,419,242,418,242,417,241,416,241,415,241,414,240,413,240,412,240,411,240,410,240,409,240,408,240
441,262,440,263,439,264,439,265,438,266,437,267,436,268,436,269,435,270,434,271,434,272,434,273,433,274,433,275,433,276,433,277,433,278,433,279,433,280,433,281,434,282,434,283,434,284,434,285,435,286,435,287,436,288,436,289,437,290,438,291,439,292,440,292,441,292,442,292,443,292,444,292,445,292,446,292,447,292,448,292,449,292,450,292,451,292,452,292,453,292,454,292,455,292,456,292,457,292,458,292,459,292,459,291,459,290,459,289,459,288,459,287,460,286,460,285,460,284,460,283,460,282,460,281,460,280,460,279,460,278,460,277,460,276,460,275,460,274,460,273,460,272,459,271,459,270,459,269,459,268,459,267,459,266,458,266,457,266,456,266,455,266,454,265,454,264,453,264,452,264,451,264,450,264,449,264,448,263,447,263,446,263,445,263,444,263,443,262,442,262
405,272,404,273,403,274,403,275,403,276,402,277,401,278,400,278,400,279,400,280,400,281,400,282,400,283,399,284,399,285,399,286,399,287,400,288,401,288,402,289,403,290,404,291,404,292,404,293,405,294,405,295,405,296,406,297,406,298,406,299,406,300,406,301,406,302,407,303,408,303,409,304,410,305,410,306,411,306,412,307,413,307,414,308,415,308,416,308,417,308,418,308,419,308,420,308,421,308,422,308,423,308,424,307,425,307,426,306,426,305,427,304,427,303,428,302,428,301,429,300,429,299,429,298,430,297,430,296,430,295,430,294,430,293,430,292,430,291,429,290,429,289,429,288,429,287,428,286,428,285,428,284,427,283,427,282,427,281,426,280,426,279,425,278,425,277,424,277,423,276,422,275,422,274,421,273,420,273,419,273,418,272,417,272,416,272,415,272,414,272,413,272,412,272,411,272,410,272,409,272,408,272,407,272,406,272
295,278,294,279,293,279,292,280,291,280,290,281,289,281,288,282,287,282,287,283,286,284,286,285,286,286,285,287,285,288,284,289,284,290,284,291,284,292,284,293,284,294,284,295,284,296,284,297,284,298,284,299,285,300,285,301,286,302,287,303,287,304,288,304,289,305,289,306,290,307,291,308,292,309,293,310,294,311,295,311,296,312,297,312,298,312,299,313,300,313,301,313,302,314,303,314,304,314,305,314,306,314,307,314,308,314,309,314,310,313,310,312,311,311,312,310,312,309,313,308,313,307,314,306,314,305,314,304,315,303,316,302,316,301,317,300,317,299,317,298,316,297,316,296,316,295,316,294,315,293,315,292,315,291,314,290,314,289,313,288,312,287,312,286,311,285,311,284,310,283,309,282,308,282,307,282,306,281,305,280,304,280,303,279,302,279,301,278,300,278,299,278,298,278,297,278,296,278
398,286,397,287,396,288,395,289,394,290,393,290,392,290,391,291,390,291,389,291,388,292,387,293,387,294,387,295,387,296,386,297,386,298,386,299,386,300,386,301,385,302,386,303,387,303,388,304,389,305,389,306,390,306,391,306,392,307,393,307,394,308,395,309,396,309,397,309,398,308,399,308,400,308,401,308,402,307,403,306,403,305,404,304,405,303,406,303,405,302,405,301,405,300,405,299,405,298,405,297,404,296,404,295,404,294,403,293,403,292,403,291,402,290,401,289,400,289,399,288,398,287
58,283,57,284,56,284,55,284,55,285,54,286,53,286,52,287,51,287,50,287,49,288,48,288,47,289,46,289,45,290,44,291,43,292,43,293,42,294,41,294,41,295,41,296,40,297,40,298,40,299,40,300,40,301,40,302,40,303,40,304,40,305,40,306,41,307,41,308,41,309,42,309,43,310,43,311,44,312,45,313,46,313,47,314,48,315,48,316,49,316,50,317,51,317,52,317,53,317,54,317,55,317,56,317,57,318,58,318,59,318,60,318,61,318,62,318,63,318,64,318,65,318,66,318,67,318,68,317,69,316,69,315,70,314,71,314,72,314,73,313,74,312,75,311,76,310,76,309,77,308,77,307,78,306,78,305,78,304,78,303,78,302,78,301,78,300,78,299,78,298,78,297,78,296,78,295,77,294,77,293,77,292,76,291,75,290,75,289,74,288,73,287,72,287,71,287,70,286,69,286,68,285,68,284,67,284,66,284,65,283,64,283,63,283,62,283,61,283,60,283,59,283
260,283,259,284,258,284,257,284,256,284,256,285,255,286,254,287,253,288,252,289,251,290,251,291,250,292,250,293,249,294,249,295,249,296,249,297,249,298,249,299,249,300,249,301,249,302,250,303,250,304,250,305,250,306,251,307,251,308,252,309,253,310,253,311,254,312,255,313,256,314,257,314,258,314,259,315,259,316,260,316,261,316,262,317,263,317,264,317,265,317,266,317,267,317,268,317,269,317,270,317,271,317,272,317,273,316,274,316,274,315,275,314,276,314,277,313,278,313,279,312,279,311,280,310,280,309,280,308,280,307,280,306,280,305,280,304,280,303,280,302,280,301,280,300,280,299,280,298,280,297,280,296,280,295,279,294,279,293,278,292,278,291,277,291,276,290,275,289,274,288,273,287,272,286,271,286,270,286,269,285,269,284,268,284,267,283,266,283,265,283,264,283,263,283,262,283,261,283
439,293,438,294,438,295,438,296,437,297,436,298,435,299,434,300,434,301,433,302,433,303,433,304,433,305,433,306,433,307,433,308,433,309,433,310,433,311,433,312,433,313,433,314,434,315,434,316,435,317,436,318,437,319,438,319,439,320,440,321,441,321,442,321,443,321,444,322,445,322,446,322,447,322,448,322,449,322,450,322,451,322,452,322,453,321,454,321,455,320,456,320,457,319,458,319,459,318,459,317,459,316,459,315,459,314,459,313,459,312,459,311,459,310,459,309,459,308,459,307,459,306,459,305,459,304,460,303,460,302,460,301,460,300,460,299,460,298,459,297,459,296,459,295,459,294,459,293,458,293,457,293,456,293,455,293,454,293,453,293,452,293,451,293,450,293,449,293,448,293,447,293,446,293,445,293,444,293,443,293,442,293,441,293,440,293
318,299,318,300,317,301,317,302,316,303,315,304,315,305,315,306,314,307,314,308,313,309,313,310,312,311,311,312,311,313,310,314,310,315,310,316,310,317,310,318,310,319,310,320,311,321,311,322,312,323,312,324,313,325,313,326,314,327,315,327,316,328,317,329,318,329,319,329,320,330,321,330,322,330,323,330,324,331,325,331,326,331,327,330,328,330,329,330,330,330,331,330,332,329,333,329,334,329,335,328,336,327,337,326,337,325,338,324,339,324,340,323,340,322,340,321,341,320,341,319,341,318,341,317,341,316,341,315,342,314,341,313,341,312,341,311,341,310,341,309,340,308,340,307,340,306,340,305,339,304,338,304,337,303,336,302,335,301,334,301,333,300,332,300,331,299,330,299,329,299,328,299,327,299,326,299,325,299,324,299,323,299,322,299,321,299,320,299,319,299
375,303,374,304,373,304,372,305,371,305,371,306,370,307,369,307,368,308,367,309,367,310,367,311,366,312,366,313,366,314,366,315,366,316,365,317,364,318,363,319,363,320,363,321,363,322,364,323,365,324,365,325,365,326,366,326,367,327,367,328,368,329,369,330,370,330,371,331,372,332,373,332,374,333,375,334,376,334,377,335,377,336,378,337,379,337,380,337,381,337,382,337,383,337,384,336,385,336,386,336,387,336,388,336,389,336,389,335,390,334,391,334,392,334,393,333,394,332,395,332,396,331,397,330,397,329,397,328,397,327,398,326,398,325,398,324,398,323,398,322,398,321,399,320,399,319,398,318,398,317,398,316,398,315,397,314,397,313,396,312,396,311,396,310,395,310,394,309,393,308,392,308,391,307,390,307,389,307,388,306,388,305,387,304,386,304,385,303,384,303,383,303,382,303,381,303,380,303,379,303,378,303,377,303,376,303
50,318,49,319,48,320,47,321,46,322,45,322,44,323,43,324,42,325,41,325,41,326,40,327,39,327,39,328,40,329,40,330,40,331,40,332,41,333,41,334,41,335,41,336,42,336,43,337,43,338,43,339,43,340,44,341,44,342,44,343,45,343,46,343,47,343,48,343,49,344,50,344,51,344,52,344,53,344,54,344,55,344,56,344,57,344,58,344,59,344,60,344,61,344,62,344,63,344,64,344,65,344,66,344,67,343,68,343,69,343,70,343,70,342,71,341,72,341,72,340,72,339,72,338,72,337,73,336,73,335,73,334,73,333,73,332,73,331,73,330,73,329,72,328,72,327,72,326,72,325,72,324,71,324,70,323,69,322,68,321,67,320,66,319,65,319,64,319,63,319,62,319,61,319,60,319,59,319,58,319,57,319,56,318,55,318,54,318,53,318,52,318,51,318
459,319,458,320,457,320,456,321,455,321,454,322,453,322,452,323,451,323,450,323,449,323,449,324,448,325,448,326,448,327,447,328,447,329,446,330,446,331,446,332,446,333,447,334,447,335,447,336,447,337,448,338,448,339,449,340,449,341,449,342,449,343,450,344,451,344,452,344,453,344,454,344,455,344,456,344,457,343,458,343,459,343,459,342,459,341,459,340,459,339,459,338,459,337,459,336,459,335,459,334,459,333,460,332,460,331,460,330,460,329,460,328,460,327,460,326,460,325,460,324,459,323,459,322,459,321,459,320
274,321,273,322,272,322,271,322,270,322,269,323,268,323,267,323,266,323,265,324,264,325,264,326,263,327,262,328,262,329,262,330,262,331,262,332,262,333,262,334,262,335,262,336,262,337,263,338,263,339,264,340,265,341,266,342,267,342,268,342,269,343,270,343,271,343,272,343,273,344,274,344,275,344,276,344,277,344,278,344,279,344,280,344,281,344,282,344,283,344,284,344,285,344,286,344,287,344,288,344,289,344,290,344,291,344,292,344,293,343,294,343,295,343,296,342,296,341,297,340,298,340,298,339,299,338,299,337,299,336,299,335,299,334,298,333,298,332,297,332,296,331,296,330,295,329,294,328,293,327,293,326,293,325,292,325,291,324,290,323,289,323,288,322,287,322,286,322,285,322,284,321,283,321,282,321,281,321,280,321,279,321,278,321,277,321,276,321,275,321
29,323,28,324,27,324,26,324,25,324,24,324,23,325,22,325,21,325,20,325,20,326,19,327,18,327,17,328,17,329,16,330,15,331,15,332,14,333,14,334,13,335,13,336,13,337,13,338,12,339,12,340,13,341,13,342,14,343,15,343,16,344,17,344,18,344,19,344,20,344,21,344,22,344,23,344,24,344,25,344,26,344,27,344,28,344,29,343,30,343,31,343,32,343,33,343,34,343,35,343,36,343,37,343,38,343,39,343,40,343,41,343,42,343,43,343,43,342,43,341,42,340,42,339,42,338,42,337,41,337,40,336,40,335,40,334,40,333,39,332,39,331,39,330,39,329,38,328,38,327,37,326,37,325,36,324,35,324,34,323,33,323,32,323,31,323,30,323
427,324,426,325,425,325,425,326,424,327,423,327,422,328,421,328,420,328,419,329,418,329,417,329,416,330,416,331,415,332,415,333,414,334,414,335,414,336,414,337,413,338,413,339,413,340,413,341,414,342,415,343,416,343,417,343,418,344,419,344,420,344,421,344,422,344,423,344,424,344,425,344,426,344,427,343,428,343,429,343,430,343,431,343,432,343,433,343,434,343,435,343,436,343,437,343,438,343,439,344,440,344,441,344,442,344,443,344,444,344,445,344,446,344,447,344,448,344,449,344,448,343,448,342,448,341,448,340,447,339,447,338,446,337,446,336,446,335,446,334,445,333,445,332,445,331,444,330,443,330,442,329,441,329,440,329,439,328,438,328,437,327,436,327,435,326,435,325,434,325,433,325,432,324,431,324,430,324,429,324,428,324
